====================
cycle:1	96	ADDI	R0, R0, #272

registers:
r00	0	0	0	0	0	0	0	0	
r08	0	0	0	0	0	0	0	0	
r16	0	0	0	0	0	0	0	0	
r24	0	0	0	0	0	0	0	0	

data:
264	
====================
cycle:2	100	ADDI	R2, R1, #248

registers:
r00	0	0	0	0	0	0	0	0	
r08	0	0	0	0	0	0	0	0	
r16	0	0	0	0	0	0	0	0	
r24	0	0	0	0	0	0	0	0	

data:
264	
====================
cycle:3	104	ADDI	R1, R2, #400

registers:
r00	0	0	0	0	0	0	0	0	
r08	0	0	0	0	0	0	0	0	
r16	0	0	0	0	0	0	0	0	
r24	0	0	0	0	0	0	0	0	

data:
264	
====================
cycle:4	108	SUBI	R1, R2, #400

registers:
r00	0	0	0	0	0	0	0	0	
r08	0	0	0	0	0	0	0	0	
r16	0	0	0	0	0	0	0	0	
r24	0	0	0	0	0	0	0	0	

data:
264	
====================
cycle:5	112	LDUR	R1, [R0, #0]

registers:
r00	0	0	0	0	0	0	0	0	
r08	0	0	0	0	0	0	0	0	
r16	0	0	0	0	0	0	0	0	
r24	0	0	0	0	0	0	0	0	

data:
264	
====================
cycle:6	116	STUR	R1, [R1, #0]

registers:
r00	0	0	0	0	0	0	0	0	
r08	0	0	0	0	0	0	0	0	
r16	0	0	0	0	0	0	0	0	
r24	0	0	0	0	0	0	0	0	

data:
264	
====================
cycle:7	120	CBZ	R19, #3

registers:
r00	0	0	0	0	0	0	0	0	
r08	0	0	0	0	0	0	0	0	
r16	0	0	0	0	0	0	0	0	
r24	0	0	0	0	0	0	0	0	

data:
264	
====================
cycle:8	132	MOVK	R2, 65280, LSL 48

registers:
r00	0	0	0	0	0	0	0	0	
r08	0	0	0	0	0	0	0	0	
r16	0	0	0	0	0	0	0	0	
r24	0	0	0	0	0	0	0	0	

data:
264	
====================
cycle:9	136	LSR	R0, R1, #4

registers:
r00	0	0	0	0	0	0	0	0	
r08	0	0	0	0	0	0	0	0	
r16	0	0	0	0	0	0	0	0	
r24	0	0	0	0	0	0	0	0	

data:
264	
====================
cycle:10	140	LSL	R0, R1, #4

registers:
r00	0	0	0	0	0	0	0	0	
r08	0	0	0	0	0	0	0	0	
r16	0	0	0	0	0	0	0	0	
r24	0	0	0	0	0	0	0	0	

data:
264	
====================
cycle:11	144	B	#-2087152

registers:
r00	0	0	0	0	0	0	0	0	
r08	0	0	0	0	0	0	0	0	
r16	0	0	0	0	0	0	0	0	
r24	0	0	0	0	0	0	0	0	

data:
264	
====================
cycle:12	148	NOP	

registers:
r00	0	0	0	0	0	0	0	0	
r08	0	0	0	0	0	0	0	0	
r16	0	0	0	0	0	0	0	0	
r24	0	0	0	0	0	0	0	0	

data:
264	
====================
cycle:13	152	ORR	R3, R1, R2

registers:
r00	0	0	0	0	0	0	0	0	
r08	0	0	0	0	0	0	0	0	
r16	0	0	0	0	0	0	0	0	
r24	0	0	0	0	0	0	0	0	

data:
264	
====================
cycle:14	156	ADDI	R0, R0, #208

registers:
r00	0	0	0	0	0	0	0	0	
r08	0	0	0	0	0	0	0	0	
r16	0	0	0	0	0	0	0	0	
r24	0	0	0	0	0	0	0	0	

data:
264	
====================
cycle:15	160	ADDI	R2, R2, #248

registers:
r00	0	0	0	0	0	0	0	0	
r08	0	0	0	0	0	0	0	0	
r16	0	0	0	0	0	0	0	0	
r24	0	0	0	0	0	0	0	0	

data:
264	
====================
cycle:16	164	SUBI	R31, R7, #-1378

registers:
r00	0	0	0	0	0	0	0	0	
r08	0	0	0	0	0	0	0	0	
r16	0	0	0	0	0	0	0	0	
r24	0	0	0	0	0	0	0	0	

data:
264	
====================
cycle:17	168	SUB	R6, R9, R26

registers:
r00	0	0	0	0	0	0	0	0	
r08	0	0	0	0	0	0	0	0	
r16	0	0	0	0	0	0	0	0	
r24	0	0	0	0	0	0	0	0	

data:
264	
====================
cycle:18	172	AND	R11, R2, R31

registers:
r00	0	0	0	0	0	0	0	0	
r08	0	0	0	0	0	0	0	0	
r16	0	0	0	0	0	0	0	0	
r24	0	0	0	0	0	0	0	0	

data:
264	
====================
cycle:19	176	ADD	R9, R10, R26

registers:
r00	0	0	0	0	0	0	0	0	
r08	0	0	0	0	0	0	0	0	
r16	0	0	0	0	0	0	0	0	
r24	0	0	0	0	0	0	0	0	

data:
264	
====================
cycle:20	180	EOR	R13, R0, R2

registers:
r00	0	0	0	0	0	0	0	0	
r08	0	0	0	0	0	0	0	0	
r16	0	0	0	0	0	0	0	0	
r24	0	0	0	0	0	0	0	0	

data:
264	
====================
cycle:21	184	MOVZ	R15, 19029, LSL 16

registers:
r00	0	0	0	0	0	0	0	0	
r08	0	0	0	0	0	0	0	0	
r16	0	0	0	0	0	0	0	0	
r24	0	0	0	0	0	0	0	0	

data:
264	
====================
cycle:22	188	MOVK	R10, 43605, LSL 32

registers:
r00	0	0	0	0	0	0	0	0	
r08	0	0	0	0	0	0	0	0	
r16	0	0	0	0	0	0	0	0	
r24	0	0	0	0	0	0	0	0	

data:
264	
====================
cycle:23	192	ASR	R19, R2, R0

registers:
r00	0	0	0	0	0	0	0	0	
r08	0	0	0	0	0	0	0	0	
r16	0	0	0	0	0	0	0	0	
r24	0	0	0	0	0	0	0	0	

data:
264	
====================
cycle:24	196	LSR	R31, R31, #47

registers:
r00	0	0	0	0	0	0	0	0	
r08	0	0	0	0	0	0	0	0	
r16	0	0	0	0	0	0	0	0	
r24	0	0	0	0	0	0	0	0	

data:
264	
====================
cycle:25	200	LSL	R24, R31, #25

registers:
r00	0	0	0	0	0	0	0	0	
r08	0	0	0	0	0	0	0	0	
r16	0	0	0	0	0	0	0	0	
r24	0	0	0	0	0	0	0	0	

data:
264	
====================
cycle:26	204	LDUR	R3, [R0, #0]

registers:
r00	0	0	0	0	0	0	0	0	
r08	0	0	0	0	0	0	0	0	
r16	0	0	0	0	0	0	0	0	
r24	0	0	0	0	0	0	0	0	

data:
264	
====================
cycle:27	208	STUR	R6, [R2, #0]

registers:
r00	0	0	0	0	0	0	0	0	
r08	0	0	0	0	0	0	0	0	
r16	0	0	0	0	0	0	0	0	
r24	0	0	0	0	0	0	0	0	

data:
264	
====================
cycle:28	212	CBZ	R0, #1

registers:
r00	0	0	0	0	0	0	0	0	
r08	0	0	0	0	0	0	0	0	
r16	0	0	0	0	0	0	0	0	
r24	0	0	0	0	0	0	0	0	

data:
264	
====================
cycle:29	216	CBNZ	R7, #1

registers:
r00	0	0	0	0	0	0	0	0	
r08	0	0	0	0	0	0	0	0	
r16	0	0	0	0	0	0	0	0	
r24	0	0	0	0	0	0	0	0	

data:
264	
====================
cycle:30	220	B	#1023

registers:
r00	0	0	0	0	0	0	0	0	
r08	0	0	0	0	0	0	0	0	
r16	0	0	0	0	0	0	0	0	
r24	0	0	0	0	0	0	0	0	

data:
264	
====================
cycle:31	224	ADDI	R10, R17, #-1398

registers:
r00	0	0	0	0	0	0	0	0	
r08	0	0	0	0	0	0	0	0	
r16	0	0	0	0	0	0	0	0	
r24	0	0	0	0	0	0	0	0	

data:
264	
====================
cycle:32	228	ADDI	R10, R17, #-1398

registers:
r00	0	0	0	0	0	0	0	0	
r08	0	0	0	0	0	0	0	0	
r16	0	0	0	0	0	0	0	0	
r24	0	0	0	0	0	0	0	0	

data:
264	
====================
cycle:33	232	ADDI	R10, R17, #-1398

registers:
r00	0	0	0	0	0	0	0	0	
r08	0	0	0	0	0	0	0	0	
r16	0	0	0	0	0	0	0	0	
r24	0	0	0	0	0	0	0	0	

data:
264	
====================
cycle:34	236	B	#3

registers:
r00	0	0	0	0	0	0	0	0	
r08	0	0	0	0	0	0	0	0	
r16	0	0	0	0	0	0	0	0	
r24	0	0	0	0	0	0	0	0	

data:
264	
====================
cycle:35	248	ADDI	R10, R17, #-1398

registers:
r00	0	0	0	0	0	0	0	0	
r08	0	0	0	0	0	0	0	0	
r16	0	0	0	0	0	0	0	0	
r24	0	0	0	0	0	0	0	0	

data:
264	
====================
cycle:36	252	ADDI	R10, R17, #-1398

registers:
r00	0	0	0	0	0	0	0	0	
r08	0	0	0	0	0	0	0	0	
r16	0	0	0	0	0	0	0	0	
r24	0	0	0	0	0	0	0	0	

data:
264	
====================
cycle:37	256	ADDI	R10, R17, #-1398

registers:
r00	0	0	0	0	0	0	0	0	
r08	0	0	0	0	0	0	0	0	
r16	0	0	0	0	0	0	0	0	
r24	0	0	0	0	0	0	0	0	

data:
264	
====================
cycle:38	260	BREAK	

registers:
r00	0	0	0	0	0	0	0	0	
r08	0	0	0	0	0	0	0	0	
r16	0	0	0	0	0	0	0	0	
r24	0	0	0	0	0	0	0	0	

data:
264	
